72
6.770443983170 -2.023308591160 -4.747135392010 -2.023308591160 2.548105597829 -0.524797006670 -4.747135392010 -0.524797006670 5.271932398680 

2.777202198325 -2.243548716750 -0.533653481575 -2.243548716750 26.271333616611 -24.027784899861 -0.533653481575 -24.027784899861 24.561438381436 

41.874389315377 -40.894943866797 -0.979445448580 -40.894943866797 42.265200281035 -1.370256414238 -0.979445448580 -1.370256414238 2.349701862818 

79.609356046816 -41.285867937503 -38.323488109314 -41.285867937503 59.427970786973 -18.142102849470 -38.323488109314 -18.142102849470 56.465590958784 

1.249485254165 -0.849803189031 -0.399682065134 -0.849803189031 1.045873944505 -0.196070755473 -0.399682065134 -0.196070755473 0.595752820607 

2.375561191517 -0.328974272008 -2.046586919509 -0.328974272008 59.006310388962 -58.677336116954 -2.046586919509 -58.677336116954 60.723923036463 

12.880772013342 -0.130188154789 -12.750583858553 -0.130188154789 0.654985161458 -0.524797006670 -12.750583858553 -0.524797006670 13.275380865223 

11.325759670855 -10.382631296550 -0.943128374305 -10.382631296550 10.668559293544 -0.285927996994 -0.943128374305 -0.285927996994 1.229056371299 

6.938838966266 -1.945203761183 -4.993635205084 -1.945203761183 19.812001645608 -17.866797884426 -4.993635205084 -17.866797884426 22.860433089509 

2.674116406023 -2.528259041773 -0.145857364251 -2.528259041773 11.025706080828 -8.497447039055 -0.145857364251 -8.497447039055 8.643304403306 

22.331240194108 -1.473969091176 -20.857271102932 -1.473969091176 25.890205130181 -24.416236039006 -20.857271102932 -24.416236039006 45.273507141938 

0.992828804473 -0.426121795602 -0.566707008872 -0.426121795602 1.867658339685 -1.441536544083 -0.566707008872 -1.441536544083 2.008243552954 

0.570717755527 -0.430794023617 -0.139923731909 -0.430794023617 60.217828713534 -59.787034689917 -0.139923731909 -59.787034689917 59.926958421826 

8.416409585560 -8.257386673159 -0.159022912401 -8.257386673159 22.116359481040 -13.858972807881 -0.159022912401 -13.858972807881 14.017995720282 

14.680516681565 -13.989433047338 -0.691083634227 -13.989433047338 19.586206166084 -5.596773118746 -0.691083634227 -5.596773118746 6.287856752972 

7.451422483116 -2.079725112859 -5.371697370257 -2.079725112859 37.817185643006 -35.737460530147 -5.371697370257 -35.737460530147 41.109157900404 

71.943240776641 -71.817171698702 -0.126069077939 -71.817171698702 72.339480243903 -0.522308545201 -0.126069077939 -0.522308545201 0.648377623140 

10.322568482137 -1.655477237287 -8.667091244850 -1.655477237287 3.419681652458 -1.764204415171 -8.667091244850 -1.764204415171 10.431295660022 

3.901614511965 -3.304991468522 -0.596623043443 -3.304991468522 3.574209818974 -0.269218350452 -0.596623043443 -0.269218350452 0.865841393895 

0.933101583185 -0.299703295164 -0.633398288021 -0.299703295164 0.447212063029 -0.147508767865 -0.633398288021 -0.147508767865 0.780907055886 

0.061395839578 -0.061236136788 -0.000159702790 -0.061236136788 75.893204909857 -75.831968773069 -0.000159702790 -75.831968773069 75.832128475859 

51.487949606681 -50.272500097276 -1.215449509405 -50.272500097276 55.490997691336 -5.218497594061 -1.215449509405 -5.218497594061 6.433947103466 

43.549907645990 -30.599953595038 -12.949954050953 -30.599953595038 47.528568203387 -16.928614608350 -12.949954050953 -16.928614608350 29.878568659302 

113.263045152235 -102.185011065291 -11.078034086944 -102.185011065291 194.823856498490 -92.638845433199 -11.078034086944 -92.638845433199 103.716879520142 

0.280304830324 -0.145834798312 -0.134470032012 -0.145834798312 0.948472068902 -0.802637270590 -0.134470032012 -0.802637270590 0.937107302602 

0.719711936586 -0.147996044509 -0.571715892077 -0.147996044509 0.377371126287 -0.229375081778 -0.571715892077 -0.229375081778 0.801090973854 

38.794623884526 -38.612662198929 -0.181961685597 -38.612662198929 38.756181713644 -0.143519514714 -0.181961685597 -0.143519514714 0.325481200311 

41.529354527724 -5.500060204529 -36.029294323196 -5.500060204529 48.399087195560 -42.899026991031 -36.029294323196 -42.899026991031 78.928321314227 

0.463274800357 -0.273641413402 -0.189633386955 -0.273641413402 0.482809316298 -0.209167902896 -0.189633386955 -0.209167902896 0.398801289852 

1.846078161684 -0.318524566709 -1.527553594976 -0.318524566709 0.724849031812 -0.406324465103 -1.527553594976 -0.406324465103 1.933878060079 

0.572235814929 -0.289751464552 -0.282484350377 -0.289751464552 0.527043208338 -0.237291743786 -0.282484350377 -0.237291743786 0.519776094164 

0.386808637350 -0.179327518614 -0.207481118736 -0.179327518614 0.535237379864 -0.355909861250 -0.207481118736 -0.355909861250 0.563390979986 

0.378915293925 -0.216578160659 -0.162337133266 -0.216578160659 1.868663253385 -1.652085092726 -0.162337133266 -1.652085092726 1.814422225992 

1.134876639686 -0.388398014064 -0.746478625622 -0.388398014064 2.314023802430 -1.925625788365 -0.746478625622 -1.925625788365 2.672104413987 

1.150159985653 -0.839780671162 -0.310379314492 -0.839780671162 0.980001831066 -0.140221159904 -0.310379314492 -0.140221159904 0.450600474396 

4.605871729007 -1.302525869453 -3.303345859554 -1.302525869453 1.714689173612 -0.412163304160 -3.303345859554 -0.412163304160 3.715509163714 

0.147298722818 -0.146980416709 -0.000318306108 -0.146980416709 39.569825187413 -39.422844770704 -0.000318306108 -39.422844770704 39.423163076812 

4.765845710975 -2.201838513813 -2.564007197162 -2.201838513813 3.999702475626 -1.797863961813 -2.564007197162 -1.797863961813 4.361871158975 

2.767788590971 -2.532731683855 -0.235056907116 -2.532731683855 2.946605476444 -0.413873792590 -0.235056907116 -0.413873792590 0.648930699705 

41.442285970086 -41.288643077039 -0.153642893047 -41.288643077039 42.250677602767 -0.962034525728 -0.153642893047 -0.962034525728 1.115677418775 

7.607209968004 -7.467664606698 -0.139545361306 -7.467664606698 7.606095236843 -0.138430630145 -0.139545361306 -0.138430630145 0.277975991451 

77.144030581877 -68.117039885440 -9.026990696438 -68.117039885440 71.199167199447 -3.082127314007 -9.026990696438 -3.082127314007 12.109118010445 

8.599655740010 -7.528634798610 -1.071020941400 -7.528634798610 9.207385356093 -1.678750557484 -1.071020941400 -1.678750557484 2.749771498884 

185.072279189345 -105.371028201042 -79.701250988303 -105.371028201042 105.509778242362 -0.138750041320 -79.701250988303 -0.138750041320 79.840001029622 

221.418133816444 -221.417684728479 -0.000449087965 -221.417684728479 222.317010342076 -0.899325613597 -0.000449087965 -0.899325613597 0.899774701562 

32.840134915374 -13.413965737494 -19.426169177880 -13.413965737494 13.540518626807 -0.126552889312 -19.426169177880 -0.126552889312 19.552722067192 

151.652641205113 -58.867248161304 -92.785393043808 -58.867248161304 58.899825648805 -0.032577487501 -92.785393043808 -0.032577487501 92.817970531309 

99.874727928897 -0.468143604701 -99.406584324195 -0.468143604701 6.612449130857 -6.144305526155 -99.406584324195 -6.144305526155 105.550889850351 

4.364904119471 -4.176313531458 -0.188590588014 -4.176313531458 4.324249095400 -0.147935563942 -0.188590588014 -0.147935563942 0.336526151956 

61.255246245833 -7.625197374321 -53.630048871512 -7.625197374321 7.634467036026 -0.009269661705 -53.630048871512 -0.009269661705 53.639318533216 

36.359223530990 -23.830088482098 -12.529135048892 -23.830088482098 86.795951369500 -62.965862887402 -12.529135048892 -62.965862887402 75.494997936294 

45.389191647352 -38.641359384256 -6.747832263097 -38.641359384256 46.417904664840 -7.776545280584 -6.747832263097 -7.776545280584 14.524377543680 

26.887247479722 -17.050836476165 -9.836411003557 -17.050836476165 32.707940964888 -15.657104488723 -9.836411003557 -15.657104488723 25.493515492280 

130.139328546110 -129.791293808021 -0.348034738089 -129.791293808021 131.182887834279 -1.391594026258 -0.348034738089 -1.391594026258 1.739628764347 

72.722367487917 -71.024424846419 -1.697942641498 -71.024424846419 100.543117007296 -29.518692160877 -1.697942641498 -29.518692160877 31.216634802375 

265.325781583154 -264.386049722761 -0.939731860393 -264.386049722761 264.618518821771 -0.232469099010 -0.939731860393 -0.232469099010 1.172200959403 

5.651530597748 -0.003588859833 -5.647941737914 -0.003588859833 2.078805301301 -2.075216441467 -5.647941737914 -2.075216441467 7.723158179382 

104.057827809082 -44.066358113327 -59.991469695755 -44.066358113327 44.265398895902 -0.199040782575 -59.991469695755 -0.199040782575 60.190510478330 

410.742792072938 -410.444334337226 -0.298457735712 -410.444334337226 410.933050827046 -0.488716489820 -0.298457735712 -0.488716489820 0.787174225532 

65.610905672822 -1.137254815990 -64.473650856832 -1.137254815990 25.931206875386 -24.793952059396 -64.473650856832 -24.793952059396 89.267602916228 

9.528195034448 -6.201318274446 -3.326876760002 -6.201318274446 8.387456023349 -2.186137748903 -3.326876760002 -2.186137748903 5.513014508905 

1542.998719199864 -1542.857528445121 -0.141190754743 -1542.857528445121 1544.073139488053 -1.215611042932 -0.141190754743 -1.215611042932 1.356801797675 

127.521812014467 -0.160499717412 -127.361312297054 -0.160499717412 0.362030298928 -0.201530581515 -127.361312297054 -0.201530581515 127.562842878570 

136.836575705083 -129.357679083899 -7.478896621184 -129.357679083899 129.483477510905 -0.125798427006 -7.478896621184 -0.125798427006 7.604695048191 

153.476226311556 -140.756891734814 -12.719334576742 -140.756891734814 140.957018229008 -0.200126494195 -12.719334576742 -0.200126494195 12.919461070937 

1.534452182372 -0.806931807236 -0.727520375136 -0.806931807236 1446.552011147699 -1445.745079340462 -0.727520375136 -1445.745079340462 1446.472599715598 

37.523840260074 -36.111988511612 -1.411851748461 -36.111988511612 266.988418597499 -230.876430085886 -1.411851748461 -230.876430085886 232.288281834347 

223.333332559069 -4.621705863824 -218.711626695245 -4.621705863824 6.065734061150 -1.444028197326 -218.711626695245 -1.444028197326 220.155654892571 

155.152674682353 -21.872698325855 -133.279976356498 -21.872698325855 21.875331028565 -0.002632702710 -133.279976356498 -0.002632702710 133.282609059208 

354.317420431525 -350.989365335674 -3.328055095851 -350.989365335674 351.297014744271 -0.307649408597 -3.328055095851 -0.307649408597 3.635704504448 

3046.960790704388 -3046.394355230918 -0.566435473469 -3046.394355230918 3046.586751741947 -0.192396511028 -0.566435473469 -0.192396511028 0.758831984498 

646.263384571159 -643.519448880025 -2.743935691134 -643.519448880025 643.523183576129 -0.003734696104 -2.743935691134 -0.003734696104 2.747670387237 
