880
2.15008 -1.23047 -0.42746 -0.492144 -1.23047 2.48295 -0.684583 -0.567896 -0.42746 -0.684583 1.75683 -0.644789 -0.492144 -0.567896 -0.644789 1.70483 

3.95776 -1.71379 -0.843248 -1.40072 -1.71379 6.72258 -3.72956 -1.27922 -0.843248 -3.72956 5.95708 -1.38427 -1.40072 -1.27922 -1.38427 4.06421 

25.8598 -23.8823 -1.32265 -0.654852 -23.8823 24.5124 -0.228268 -0.401905 -1.32265 -0.228268 2.31005 -0.759136 -0.654852 -0.401905 -0.759136 1.81589 

12.922 -1.05408 -10.8146 -1.05329 -1.05408 2.27958 -0.527446 -0.698052 -10.8146 -0.527446 12.6558 -1.3138 -1.05329 -0.698052 -1.3138 3.06514 

2.60174 -0.848936 -0.996184 -0.756621 -0.848936 19.3757 -0.56052 -17.9663 -0.996184 -0.56052 2.21505 -0.658346 -0.756621 -17.9663 -0.658346 19.3813 

18.1245 -0.648832 -1.26414 -16.2116 -0.648832 2.29477 -0.581174 -1.06476 -1.26414 -0.581174 2.1181 -0.272788 -16.2116 -1.06476 -0.272788 17.5491 

2.08022 -0.623112 -0.731069 -0.726038 -0.623112 26.8989 -25.4449 -0.830925 -0.731069 -25.4449 26.5253 -0.349329 -0.726038 -0.830925 -0.349329 1.90629 

1.9076 -0.34401 -0.955208 -0.608382 -0.34401 3.17824 -1.60115 -1.23308 -0.955208 -1.60115 8.4767 -5.92034 -0.608382 -1.23308 -5.92034 7.76181 

30.5494 -8.64496 -11.2949 -10.6095 -8.64496 47.3634 -30.683 -8.03544 -11.2949 -30.683 45.268 -3.29006 -10.6095 -8.03544 -3.29006 21.935 

26.6887 -13.7748 -12.6802 -0.23369 -13.7748 36.8723 -22.8647 -0.232834 -12.6802 -22.8647 37.3195 -1.77463 -0.23369 -0.232834 -1.77463 2.24115 

2.76045 -1.54136 -0.474799 -0.744284 -1.54136 2.71077 -0.315614 -0.853793 -0.474799 -0.315614 29.6887 -28.8983 -0.744284 -0.853793 -28.8983 30.4964 

2.92883 -1.44474 -0.40511 -1.07898 -1.44474 32.7501 -26.5783 -4.727 -0.40511 -26.5783 63.1471 -36.1636 -1.07898 -4.727 -36.1636 41.9696 

10.4277 -9.20285 -0.465521 -0.759361 -9.20285 10.763 -0.307204 -1.25295 -0.465521 -0.307204 9.10587 -8.33315 -0.759361 -1.25295 -8.33315 10.3455 

68.8929 -0.223607 -67.5969 -1.07241 -0.223607 2.59014 -1.90817 -0.458363 -67.5969 -1.90817 69.8895 -0.384427 -1.07241 -0.458363 -0.384427 1.9152 

47.5016 -2.38658 -22.4862 -22.6288 -2.38658 4.12694 -0.253842 -1.48652 -22.4862 -0.253842 25.3963 -2.65627 -22.6288 -1.48652 -2.65627 26.7716 

26.6145 -0.553233 -1.61165 -24.4496 -0.553233 29.0714 -27.6264 -0.89185 -1.61165 -27.6264 29.4792 -0.241155 -24.4496 -0.89185 -0.241155 25.5826 

41.73 -1.21566 -40.2602 -0.254101 -1.21566 41.8442 -0.457235 -40.1713 -40.2602 -0.457235 41.183 -0.465547 -0.254101 -40.1713 -0.465547 40.8909 

1.9365 -0.361371 -0.860321 -0.714813 -0.361371 90.8401 -0.321312 -90.1574 -0.860321 -0.321312 2.56249 -1.38086 -0.714813 -90.1574 -1.38086 92.2531 

1.69392 -0.228815 -0.935388 -0.529715 -0.228815 1.28838 -0.406163 -0.653403 -0.935388 -0.406163 1.77408 -0.432528 -0.529715 -0.653403 -0.432528 1.61565 

7.36688 -2.9152 -3.34853 -1.10315 -2.9152 22.2813 -18.258 -1.10816 -3.34853 -18.258 23.372 -1.76551 -1.10315 -1.10816 -1.76551 3.97682 

49.3013 -30.5803 -0.931213 -17.7898 -30.5803 64.7052 -1.05454 -33.0704 -0.931213 -1.05454 2.78712 -0.801361 -17.7898 -33.0704 -0.801361 51.6616 

22.8037 -3.38856 -5.09749 -14.3176 -3.38856 30.228 -2.66462 -24.1749 -5.09749 -2.66462 16.5071 -8.74495 -14.3176 -24.1749 -8.74495 47.2374 

11.5325 -0.765142 -9.92733 -0.840062 -0.765142 14.9663 -0.600902 -13.6002 -9.92733 -0.600902 11.1273 -0.599101 -0.840062 -13.6002 -0.599101 15.0394 

88.6574 -66.074 -0.875182 -21.7082 -66.074 131.755 -45.2978 -20.3829 -0.875182 -45.2978 60.8044 -14.6314 -21.7082 -20.3829 -14.6314 56.7226 

53.8467 -1.63295 -0.605905 -51.6079 -1.63295 3.49875 -1.52009 -0.345709 -0.605905 -1.52009 3.5174 -1.3914 -51.6079 -0.345709 -1.3914 53.345 

3.80064 -0.730495 -1.88326 -1.18689 -0.730495 79.7665 -78.791 -0.245031 -1.88326 -78.791 82.9651 -2.29083 -1.18689 -0.245031 -2.29083 3.72275 

281.772 -279.775 -0.425256 -1.57156 -279.775 280.916 -0.775806 -0.364944 -0.425256 -0.775806 4.29818 -3.09711 -1.57156 -0.364944 -3.09711 5.03362 

87.3251 -38.1085 -48.6075 -0.60911 -38.1085 60.4088 -21.1912 -1.10913 -48.6075 -21.1912 70.3627 -0.564005 -0.60911 -1.10913 -0.564005 2.28225 

2.46633 -0.733917 -0.862368 -0.870047 -0.733917 5.82486 -4.86022 -0.230724 -0.862368 -4.86022 61.4786 -55.756 -0.870047 -0.230724 -55.756 56.8568 

104.021 -102.473 -0.256063 -1.29211 -102.473 104.55 -1.47282 -0.604082 -0.256063 -1.47282 5.85537 -4.12649 -1.29211 -0.604082 -4.12649 6.02269 

20.0947 -1.22389 -18.4797 -0.391151 -1.22389 3.87189 -0.502181 -2.14582 -18.4797 -0.502181 19.6761 -0.694259 -0.391151 -2.14582 -0.694259 3.23123 

9.60506 -1.0075 -0.732287 -7.86527 -1.0075 3.30999 -1.18956 -1.11292 -0.732287 -1.18956 2.86515 -0.943305 -7.86527 -1.11292 -0.943305 9.92149 

7.01665 -2.70659 -1.58319 -2.72687 -2.70659 29.8483 -0.665208 -26.4765 -1.58319 -0.665208 4.17337 -1.92497 -2.72687 -26.4765 -1.92497 31.1284 

95.5649 -1.39963 -7.04893 -87.1163 -1.39963 3.29737 -0.647978 -1.24977 -7.04893 -0.647978 28.871 -21.1741 -87.1163 -1.24977 -21.1741 109.54 

28.0434 -27.511 -0.275104 -0.257257 -27.511 29.4036 -0.233236 -1.65935 -0.275104 -0.233236 33.5165 -33.0082 -0.257257 -1.65935 -33.0082 34.9248 

7.43572 -0.223857 -3.31061 -3.90125 -0.223857 0.794227 -0.247048 -0.323321 -3.31061 -0.247048 5.90685 -2.34919 -3.90125 -0.323321 -2.34919 6.57376 

27.7137 -26.1555 -0.257999 -1.30024 -26.1555 29.2775 -1.69986 -1.42219 -0.257999 -1.69986 2.52792 -0.570057 -1.30024 -1.42219 -0.570057 3.29249 

40.796 -1.9318 -20.0885 -18.7757 -1.9318 3.93745 -0.93327 -1.07238 -20.0885 -0.93327 46.4003 -25.3785 -18.7757 -1.07238 -25.3785 45.2265 

1.7241 -0.328948 -0.59999 -0.795158 -0.328948 13.2235 -12.0189 -0.875621 -0.59999 -12.0189 12.9411 -0.322174 -0.795158 -0.875621 -0.322174 1.99295 

4.77249 -0.319646 -3.3909 -1.06195 -0.319646 1.7989 -0.227491 -1.25176 -3.3909 -0.227491 29.281 -25.6627 -1.06195 -1.25176 -25.6627 27.9764 

8.11253 -6.09799 -1.49134 -0.523196 -6.09799 7.31608 -0.59336 -0.624729 -1.49134 -0.59336 2.44168 -0.356974 -0.523196 -0.624729 -0.356974 1.5049 

6.73366 -0.62149 -5.88883 -0.223343 -0.62149 2.39926 -1.54458 -0.233188 -5.88883 -1.54458 7.69885 -0.265434 -0.223343 -0.233188 -0.265434 0.721966 

1.58585 -0.579154 -0.301496 -0.7052 -0.579154 5.04756 -0.563543 -3.90487 -0.301496 -0.563543 1.44203 -0.576993 -0.7052 -3.90487 -0.576993 5.18706 

19.7476 -0.265102 -0.371483 -19.1111 -0.265102 9.52484 -8.96749 -0.292251 -0.371483 -8.96749 9.85155 -0.512578 -19.1111 -0.292251 -0.512578 19.9159 

2.43073 -0.443171 -0.41828 -1.56928 -0.443171 34.8922 -34.1339 -0.315098 -0.41828 -34.1339 52.4393 -17.8871 -1.56928 -0.315098 -17.8871 19.7715 

41.2802 -1.09095 -39.7173 -0.471907 -1.09095 2.80114 -1.04056 -0.66963 -39.7173 -1.04056 42.691 -1.9331 -0.471907 -0.66963 -1.9331 3.07464 

19.298 -9.09978 -6.94949 -3.24869 -9.09978 28.8484 -10.72 -9.02857 -6.94949 -10.72 23.3467 -5.67719 -3.24869 -9.02857 -5.67719 17.9545 

51.7714 -50.248 -1.16236 -0.361091 -50.248 52.3319 -1.20941 -0.874449 -1.16236 -1.20941 3.15979 -0.788022 -0.361091 -0.874449 -0.788022 2.02356 

8.98824 -4.19387 -0.244672 -4.54969 -4.19387 6.43915 -0.247618 -1.99766 -0.244672 -0.247618 0.73132 -0.239031 -4.54969 -1.99766 -0.239031 6.78638 

60.7561 -15.9649 -2.6876 -42.1036 -15.9649 30.288 -0.557159 -13.766 -2.6876 -0.557159 3.86657 -0.62181 -42.1036 -13.766 -0.62181 56.4914 

49.0068 -0.482714 -37.9496 -10.5745 -0.482714 1.81653 -0.618104 -0.715713 -37.9496 -0.618104 71.1193 -32.5516 -10.5745 -0.715713 -32.5516 43.8418 

0.844562 -0.22432 -0.393746 -0.226496 -0.22432 15.2849 -3.07535 -11.9852 -0.393746 -3.07535 4.70244 -1.23334 -0.226496 -11.9852 -1.23334 13.445 

124.865 -0.251827 -123.047 -1.56651 -0.251827 6.01018 -0.237932 -5.52042 -123.047 -0.237932 123.526 -0.240755 -1.56651 -5.52042 -0.240755 7.32769 

5.40214 -0.311597 -0.346637 -4.74391 -0.311597 6.63022 -6.07921 -0.239409 -0.346637 -6.07921 7.01702 -0.591167 -4.74391 -0.239409 -0.591167 5.57448 

2.14818 -0.569292 -1.04137 -0.537521 -0.569292 97.5898 -25.9774 -71.0431 -1.04137 -25.9774 45.6377 -18.619 -0.537521 -71.0431 -18.619 90.1996 

62.5189 -61.5946 -0.437052 -0.487262 -61.5946 133.204 -71.3517 -0.257563 -0.437052 -71.3517 77.0938 -5.30508 -0.487262 -0.257563 -5.30508 6.04991 

27.172 -0.261357 -26.5741 -0.336559 -0.261357 0.768265 -0.22504 -0.281868 -26.5741 -0.22504 27.0963 -0.297148 -0.336559 -0.281868 -0.297148 0.915576 

11.7412 -5.93613 -5.46062 -0.344476 -5.93613 11.0923 -4.9271 -0.229037 -5.46062 -4.9271 10.7808 -0.393069 -0.344476 -0.229037 -0.393069 0.966582 

31.7261 -9.01069 -7.48256 -15.2328 -9.01069 18.1084 -4.81503 -4.28266 -7.48256 -4.81503 22.3571 -10.0595 -15.2328 -4.28266 -10.0595 29.5749 

0.823394 -0.238104 -0.284818 -0.300471 -0.238104 0.789575 -0.244401 -0.307069 -0.284818 -0.244401 30.6988 -30.1696 -0.300471 -0.307069 -30.1696 30.7771 

1.70507 -1.00866 -0.277611 -0.418795 -1.00866 1.49353 -0.24482 -0.240051 -0.277611 -0.24482 7.25258 -6.73014 -0.418795 -0.240051 -6.73014 7.38899 

5.86322 -0.234123 -5.34724 -0.281862 -0.234123 3.98487 -0.333677 -3.41707 -5.34724 -0.333677 6.01644 -0.335526 -0.281862 -3.41707 -0.335526 4.03445 

133.245 -124.196 -1.59763 -7.45106 -124.196 151.052 -12.0989 -14.7568 -1.59763 -12.0989 19.4457 -5.7491 -7.45106 -14.7568 -5.7491 27.957 

31.2029 -27.1073 -3.64884 -0.446792 -27.1073 27.6927 -0.239666 -0.345806 -3.64884 -0.239666 21.0533 -17.1648 -0.446792 -0.345806 -17.1648 17.9574 

19.7294 -1.15115 -9.08537 -9.49293 -1.15115 3.07626 -0.93479 -0.990324 -9.08537 -0.93479 16.6086 -6.58843 -9.49293 -0.990324 -6.58843 17.0717 

8.89217 -6.48573 -0.991278 -1.41516 -6.48573 6.94566 -0.232012 -0.227917 -0.991278 -0.232012 132.393 -131.169 -1.41516 -0.227917 -131.169 132.813 

2.81689 -1.04071 -0.503534 -1.27264 -1.04071 41.9014 -0.614089 -40.2466 -0.503534 -0.614089 2.08422 -0.966593 -1.27264 -40.2466 -0.966593 42.4859 

3.34467 -0.749792 -1.03319 -1.56169 -0.749792 91.8546 -80.3402 -10.7646 -1.03319 -80.3402 88.8421 -7.46868 -1.56169 -10.7646 -7.46868 19.7949 

1.19564 -0.569962 -0.23155 -0.394125 -0.569962 14.0625 -9.81603 -3.67649 -0.23155 -9.81603 13.4935 -3.44593 -0.394125 -3.67649 -3.44593 7.51655 

59.9884 -58.4535 -0.245952 -1.28899 -58.4535 60.5403 -0.244411 -1.84242 -0.245952 -0.244411 1.06769 -0.577329 -1.28899 -1.84242 -0.577329 3.70874 

42.713 -0.346173 -40.8467 -1.5202 -0.346173 7.74482 -1.26852 -6.13012 -40.8467 -1.26852 42.3428 -0.227564 -1.5202 -6.13012 -0.227564 7.87788 

11.1848 -8.99628 -0.357466 -1.83108 -8.99628 13.3534 -0.232035 -4.12513 -0.357466 -0.232035 1.62271 -1.0332 -1.83108 -4.12513 -1.0332 6.98941 

34.3326 -0.347285 -0.35267 -33.6326 -0.347285 0.927837 -0.232522 -0.34803 -0.35267 -0.232522 1.51063 -0.925435 -33.6326 -0.34803 -0.925435 34.9061 

35.594 -0.246398 -3.3127 -32.0349 -0.246398 9.16531 -0.575497 -8.34341 -3.3127 -0.575497 6.23785 -2.34966 -32.0349 -8.34341 -2.34966 42.728 

8.00064 -0.261692 -7.5085 -0.230445 -0.261692 72.9334 -0.266521 -72.4052 -7.5085 -0.266521 11.8348 -4.05977 -0.230445 -72.4052 -4.05977 76.6954 

51.67 -7.72044 -41.5314 -2.4181 -7.72044 33.9941 -24.6582 -1.61547 -41.5314 -24.6582 66.7017 -0.512033 -2.4181 -1.61547 -0.512033 4.54561 

32.5692 -2.64934 -0.285349 -29.6345 -2.64934 4.38692 -0.247327 -1.49026 -0.285349 -0.247327 0.992234 -0.459558 -29.6345 -1.49026 -0.459558 31.5844 

34.0343 -31.5454 -1.56343 -0.925445 -31.5454 36.51 -2.13437 -2.83022 -1.56343 -2.13437 4.60121 -0.903411 -0.925445 -2.83022 -0.903411 4.65908 

23.8778 -23.3676 -0.244979 -0.265236 -23.3676 23.837 -0.231115 -0.238304 -0.244979 -0.231115 2.41404 -1.93795 -0.265236 -0.238304 -1.93795 2.44149 

1.00266 -0.256418 -0.420105 -0.326133 -0.256418 4.88715 -4.40749 -0.223239 -0.420105 -4.40749 5.51365 -0.686046 -0.326133 -0.223239 -0.686046 1.23542 

141.188 -26.9856 -26.3098 -87.8928 -26.9856 36.1342 -1.89686 -7.25174 -26.3098 -1.89686 50.8352 -22.6286 -87.8928 -7.25174 -22.6286 117.773 

50.4932 -49.3269 -0.815066 -0.351324 -49.3269 52.1185 -2.53773 -0.253904 -0.815066 -2.53773 3.58697 -0.234179 -0.351324 -0.253904 -0.234179 0.839407 

11.8995 -0.339673 -7.66318 -3.89668 -0.339673 2.96635 -1.19538 -1.4313 -7.66318 -1.19538 11.1095 -2.25095 -3.89668 -1.4313 -2.25095 7.57892 

196.827 -0.709705 -1.91585 -194.202 -0.709705 2.28046 -0.479902 -1.09086 -1.91585 -0.479902 9.67222 -7.27646 -194.202 -1.09086 -7.27646 202.569 

5.57714 -0.44557 -0.223349 -4.90823 -0.44557 47.9086 -45.4731 -1.98988 -0.223349 -45.4731 46.0157 -0.31922 -4.90823 -1.98988 -0.31922 7.21733 

3.58455 -1.78481 -0.473337 -1.3264 -1.78481 4.8575 -1.66546 -1.40723 -0.473337 -1.66546 30.7179 -28.5791 -1.3264 -1.40723 -28.5791 31.3127 

4.15301 -0.492993 -0.412288 -3.24772 -0.492993 1.04244 -0.310284 -0.239165 -0.412288 -0.310284 1.13751 -0.414941 -3.24772 -0.239165 -0.414941 3.90183 

3.62354 -1.46214 -1.68426 -0.477142 -1.46214 2.19394 -0.245301 -0.486504 -1.68426 -0.245301 3.68717 -1.7576 -0.477142 -0.486504 -1.7576 2.72125 

1.44712 -0.481288 -0.74066 -0.225168 -0.481288 16.9709 -1.15486 -15.3347 -0.74066 -1.15486 7.57683 -5.68131 -0.225168 -15.3347 -5.68131 21.2412 

66.8645 -54.5619 -8.1266 -4.17597 -54.5619 60.2372 -5.42788 -0.247417 -8.1266 -5.42788 22.8124 -9.25788 -4.17597 -0.247417 -9.25788 13.6813 

2.53779 -2.05538 -0.223647 -0.258759 -2.05538 81.0847 -78.5293 -0.500006 -0.223647 -78.5293 79.3602 -0.607266 -0.258759 -0.500006 -0.607266 1.36603 

37.4605 -1.5373 -4.79884 -31.1244 -1.5373 2.90766 -0.551775 -0.818583 -4.79884 -0.551775 7.09964 -1.74903 -31.1244 -0.818583 -1.74903 33.692 

1.85044 -1.17507 -0.414891 -0.260474 -1.17507 132.959 -122.15 -9.63361 -0.414891 -122.15 122.934 -0.369236 -0.260474 -9.63361 -0.369236 10.2633 

3.8022 -0.9511 -1.17267 -1.67843 -0.9511 32.8578 -8.28781 -23.6189 -1.17267 -8.28781 34.954 -25.4935 -1.67843 -23.6189 -25.4935 50.7908 

10.789 -0.335333 -10.1429 -0.310735 -0.335333 25.5379 -2.1027 -23.0999 -10.1429 -2.1027 12.511 -0.26543 -0.310735 -23.0999 -0.26543 23.676 

4.99664 -0.236846 -4.06496 -0.694826 -0.236846 6.60325 -0.67814 -5.68826 -4.06496 -0.67814 4.99342 -0.25032 -0.694826 -5.68826 -0.25032 6.63341 

22.6801 -1.01024 -14.3774 -7.29241 -1.01024 2.90829 -1.13114 -0.76691 -14.3774 -1.13114 18.7907 -3.28208 -7.29241 -0.76691 -3.28208 11.3414 

1.78564 -0.547946 -0.243527 -0.994166 -0.547946 138.563 -13.0131 -125.002 -0.243527 -13.0131 13.4788 -0.22223 -0.994166 -125.002 -0.22223 126.218 

1.14256 -0.44928 -0.329267 -0.364013 -0.44928 49.4019 -46.2085 -2.74415 -0.329267 -46.2085 47.14 -0.602175 -0.364013 -2.74415 -0.602175 3.71033 

70.4153 -0.90332 -0.537259 -68.9747 -0.90332 2.70142 -1.39438 -0.403726 -0.537259 -1.39438 3.41585 -1.48421 -68.9747 -0.403726 -1.48421 70.8627 

4.97947 -2.54132 -0.241338 -2.19682 -2.54132 3.56753 -0.663932 -0.362278 -0.241338 -0.663932 19.0531 -18.1478 -2.19682 -0.362278 -18.1478 20.7069 

3.01891 -1.375 -0.425829 -1.21808 -1.375 2.25157 -0.350222 -0.526347 -0.425829 -0.350222 1.20066 -0.424605 -1.21808 -0.526347 -0.424605 2.16903 

1.27305 -0.59421 -0.364745 -0.314097 -0.59421 5.1711 -0.767737 -3.80915 -0.364745 -0.767737 1.4359 -0.303416 -0.314097 -3.80915 -0.303416 4.42667 

5.72733 -4.86726 -0.567121 -0.292952 -4.86726 8.90916 -0.601163 -3.44073 -0.567121 -0.601163 2.2305 -1.06221 -0.292952 -3.44073 -1.06221 4.7959 

13.2205 -0.521464 -0.312011 -12.387 -0.521464 20.0601 -1.402 -18.1366 -0.312011 -1.402 2.6835 -0.969493 -12.387 -18.1366 -0.969493 31.4931 

0.974382 -0.237852 -0.40234 -0.33419 -0.237852 3.12908 -1.25584 -1.63539 -0.40234 -1.25584 2.60316 -0.944978 -0.33419 -1.63539 -0.944978 2.91456 

8.36538 -1.00904 -6.62061 -0.735733 -1.00904 2.8658 -1.47353 -0.383223 -6.62061 -1.47353 19.9164 -11.8222 -0.735733 -0.383223 -11.8222 12.9412 

9.01734 -6.904 -1.69574 -0.417598 -6.904 1628.79 -1.82371 -1620.06 -1.69574 -1.82371 85.0972 -81.5778 -0.417598 -1620.06 -81.5778 1702.06 

8.09843 -0.334993 -7.26712 -0.496323 -0.334993 1.76698 -0.893823 -0.538166 -7.26712 -0.893823 8.45003 -0.289086 -0.496323 -0.538166 -0.289086 1.32357 

9.79484 -0.296251 -0.968326 -8.53026 -0.296251 1.23439 -0.60239 -0.33575 -0.968326 -0.60239 2.00236 -0.431642 -8.53026 -0.33575 -0.431642 9.29765 

6.60677 -1.15965 -3.55928 -1.88784 -1.15965 7.43158 -5.58551 -0.686416 -3.55928 -5.58551 10.1631 -1.01828 -1.88784 -0.686416 -1.01828 3.59253 

1.80296 -0.97112 -0.287978 -0.543862 -0.97112 6.89235 -5.54702 -0.374207 -0.287978 -5.54702 6.50521 -0.670209 -0.543862 -0.374207 -0.670209 1.58828 

2.03229 -0.24566 -0.40763 -1.379 -0.24566 8.42594 -0.252794 -7.92749 -0.40763 -0.252794 14.3369 -13.6764 -1.379 -7.92749 -13.6764 22.9829 

263.786 -0.492559 -262.976 -0.317253 -0.492559 1.1945 -0.428261 -0.273676 -262.976 -0.428261 263.847 -0.44253 -0.317253 -0.273676 -0.44253 1.03346 

4.86335 -0.486549 -0.593335 -3.78347 -0.486549 10.4919 -0.281174 -9.72418 -0.593335 -0.281174 4.6672 -3.79269 -3.78347 -9.72418 -3.79269 17.3003 

738.451 -0.307506 -737.811 -0.332607 -0.307506 7.41947 -6.82433 -0.287635 -737.811 -6.82433 936.065 -191.43 -0.332607 -0.287635 -191.43 192.05 

37.2707 -0.270407 -36.7742 -0.226145 -0.270407 10.9155 -0.324564 -10.3206 -36.7742 -0.324564 43.3117 -6.21301 -0.226145 -10.3206 -6.21301 16.7597 

2.71209 -0.439293 -0.269303 -2.00349 -0.439293 67.6186 -0.274078 -66.9053 -0.269303 -0.274078 1.0916 -0.548222 -2.00349 -66.9053 -0.548222 69.457 

6.79452 -5.64248 -0.74923 -0.402808 -5.64248 7.43994 -1.32813 -0.469325 -0.74923 -1.32813 2.54067 -0.463312 -0.402808 -0.469325 -0.463312 1.33545 

7.57348 -2.68712 -3.36739 -1.51898 -2.68712 8.32052 -1.40498 -4.22841 -3.36739 -1.40498 5.55814 -0.785764 -1.51898 -4.22841 -0.785764 6.53315 

1.87458 -0.347609 -0.517857 -1.00911 -0.347609 1.89746 -1.03568 -0.514167 -0.517857 -1.03568 1.90658 -0.353045 -1.00911 -0.514167 -0.353045 1.87633 

3.39834 -1.84356 -0.337337 -1.21744 -1.84356 38.5708 -35.4483 -1.27886 -0.337337 -35.4483 36.7757 -0.989971 -1.21744 -1.27886 -0.989971 3.48627 

1.50414 -0.77575 -0.301185 -0.427204 -0.77575 2.25888 -1.21909 -0.264043 -0.301185 -1.21909 1.80997 -0.289693 -0.427204 -0.264043 -0.289693 0.98094 

3639.03 -14.3215 -3624.38 -0.32523 -14.3215 852.3 -837.051 -0.927003 -3624.38 -837.051 4462.05 -0.619278 -0.32523 -0.927003 -0.619278 1.87151 

8.76392 -6.42378 -1.87315 -0.46699 -6.42378 8.94766 -1.32447 -1.1994 -1.87315 -1.32447 7.79955 -4.60193 -0.46699 -1.1994 -4.60193 6.26832 

13.955 -13.4911 -0.237807 -0.226078 -13.4911 24.5113 -9.96749 -1.05265 -0.237807 -9.96749 21.1979 -10.9927 -0.226078 -1.05265 -10.9927 12.2714 

50.0925 -46.3741 -2.67586 -1.04255 -46.3741 57.1312 -6.54042 -4.21665 -2.67586 -6.54042 9.64928 -0.433004 -1.04255 -4.21665 -0.433004 5.6922 

88.4125 -0.42681 -83.699 -4.28676 -0.42681 1.11986 -0.353213 -0.339836 -83.699 -0.353213 84.3049 -0.252763 -4.28676 -0.339836 -0.252763 4.87935 

40.3154 -0.566272 -37.346 -2.40312 -0.566272 1.24834 -0.254992 -0.427073 -37.346 -0.254992 37.9334 -0.332364 -2.40312 -0.427073 -0.332364 3.16255 

0.826116 -0.252807 -0.272048 -0.301261 -0.252807 3.86275 -3.12013 -0.489813 -0.272048 -3.12013 4.02616 -0.633981 -0.301261 -0.489813 -0.633981 1.42506 

19.5526 -16.3262 -0.311322 -2.91511 -16.3262 52.3587 -1.9815 -34.051 -0.311322 -1.9815 3.42782 -1.135 -2.91511 -34.051 -1.135 38.1011 

10.9739 -9.31654 -1.05405 -0.603351 -9.31654 820.577 -0.268231 -810.992 -1.05405 -0.268231 2.76949 -1.44721 -0.603351 -810.992 -1.44721 813.042 

28.7532 -0.336498 -12.4879 -15.9288 -0.336498 4.9458 -3.79807 -0.811229 -12.4879 -3.79807 16.6437 -0.357781 -15.9288 -0.811229 -0.357781 17.0978 

18.0342 -8.836 -6.91124 -2.28696 -8.836 35.1509 -11.1792 -15.1357 -6.91124 -11.1792 46.547 -28.4566 -2.28696 -15.1357 -28.4566 45.8792 

24.5293 -23.7202 -0.294179 -0.514952 -23.7202 16838.9 -20.7734 -16794.4 -0.294179 -20.7734 21.4835 -0.415937 -0.514952 -16794.4 -0.415937 16795.3 

2.84422 -0.648918 -0.742303 -1.453 -0.648918 2.35253 -1.2854 -0.418218 -0.742303 -1.2854 2.35881 -0.331106 -1.453 -0.418218 -0.331106 2.20232 

5.34296 -0.225835 -3.19151 -1.92562 -0.225835 5.1098 -0.45281 -4.43116 -3.19151 -0.45281 4.94664 -1.30232 -1.92562 -4.43116 -1.30232 7.6591 

138.47 -1.772 -118.753 -17.9452 -1.772 4.77539 -0.820929 -2.18246 -118.753 -0.820929 120.954 -1.38047 -17.9452 -2.18246 -1.38047 21.5081 

19.0599 -1.42414 -4.21241 -13.4233 -1.42414 31.2208 -8.59157 -21.205 -4.21241 -8.59157 35.7083 -22.9043 -13.4233 -21.205 -22.9043 57.5327 

2.98246 -2.18394 -0.385422 -0.413099 -2.18394 3.05488 -0.241674 -0.629269 -0.385422 -0.241674 2.16431 -1.53721 -0.413099 -0.629269 -1.53721 2.57958 

2.21055 -0.404688 -0.914658 -0.891206 -0.404688 135.004 -134.086 -0.512553 -0.914658 -134.086 138.649 -3.64782 -0.891206 -0.512553 -3.64782 5.05158 

66.889 -0.771124 -1.30858 -64.8093 -0.771124 9.86625 -0.492369 -8.60276 -1.30858 -0.492369 2.16989 -0.368947 -64.8093 -8.60276 -0.368947 73.781 

37.183 -1.02173 -34.4624 -1.69887 -1.02173 1941.19 -1939.66 -0.504008 -34.4624 -1939.66 1974.71 -0.581428 -1.69887 -0.504008 -0.581428 2.7843 

1.72691 -0.387457 -0.422229 -0.917229 -0.387457 17.6667 -0.527426 -16.7518 -0.422229 -0.527426 1.23055 -0.280891 -0.917229 -16.7518 -0.280891 17.9499 

159.564 -153.685 -5.52197 -0.357486 -153.685 155.089 -1.14075 -0.26374 -5.52197 -1.14075 41.1044 -34.4417 -0.357486 -0.26374 -34.4417 35.0629 

2.30452 -1.32974 -0.237362 -0.737418 -1.32974 3.76518 -1.67893 -0.756513 -0.237362 -1.67893 243.05 -241.133 -0.737418 -0.756513 -241.133 242.627 

2.14579 -0.268518 -1.47553 -0.401744 -0.268518 254.389 -0.494031 -253.626 -1.47553 -0.494031 38.129 -36.1595 -0.401744 -253.626 -36.1595 290.187 

1.22285 -0.273646 -0.699467 -0.24974 -0.273646 2.94489 -0.772652 -1.89859 -0.699467 -0.772652 2.03239 -0.560271 -0.24974 -1.89859 -0.560271 2.7086 

78.1198 -2.28142 -75.5682 -0.270201 -2.28142 3.94813 -0.313003 -1.35371 -75.5682 -0.313003 78.1452 -2.26404 -0.270201 -1.35371 -2.26404 3.88795 

2.8924 -0.758129 -0.80011 -1.33416 -0.758129 2.06782 -1.08123 -0.228456 -0.80011 -1.08123 9.74087 -7.85953 -1.33416 -0.228456 -7.85953 9.42215 

1273.3 -1248.1 -0.485872 -24.7116 -1248.1 1414.22 -164.372 -1.74637 -0.485872 -164.372 166.236 -1.3781 -24.7116 -1.74637 -1.3781 27.836 

2665.44 -2629.07 -0.375696 -36 -2629.07 3121.29 -0.780142 -491.447 -0.375696 -0.780142 1.42073 -0.264894 -36 -491.447 -0.264894 527.712 

38.6624 -10.8158 -9.15562 -18.691 -10.8158 12.5651 -0.498612 -1.25066 -9.15562 -0.498612 10.1413 -0.487051 -18.691 -1.25066 -0.487051 20.4287 

367.193 -0.89923 -17.4993 -348.795 -0.89923 4.03678 -1.68172 -1.45583 -17.4993 -1.68172 19.6533 -0.47226 -348.795 -1.45583 -0.47226 350.723 

2.56624 -0.615316 -0.263352 -1.68757 -0.615316 1.20376 -0.288509 -0.29993 -0.263352 -0.288509 2.89648 -2.34462 -1.68757 -0.29993 -2.34462 4.33213 

25.1316 -24.5675 -0.23765 -0.326462 -24.5675 600.959 -576.169 -0.222657 -0.23765 -576.169 577.409 -1.00244 -0.326462 -0.222657 -1.00244 1.55156 

3.74628 -0.272392 -0.633772 -2.84012 -0.272392 1.70137 -0.485299 -0.94368 -0.633772 -0.485299 1.61862 -0.499545 -2.84012 -0.94368 -0.499545 4.28335 

1.94137 -1.08592 -0.536424 -0.31903 -1.08592 141.036 -103.099 -36.8516 -0.536424 -103.099 103.954 -0.318658 -0.31903 -36.8516 -0.318658 37.4893 

4.61766 -3.2594 -0.524944 -0.833314 -3.2594 5.35874 -1.10939 -0.989946 -0.524944 -1.10939 3.93356 -2.29923 -0.833314 -0.989946 -2.29923 4.12249 

28.4177 -4.71344 -22.8837 -0.820536 -4.71344 20.7283 -0.331682 -15.6832 -22.8837 -0.331682 23.8318 -0.616344 -0.820536 -15.6832 -0.616344 17.1201 

1.70936 -0.335965 -1.08934 -0.284059 -0.335965 9.6769 -9.01475 -0.326185 -1.08934 -9.01475 10.3609 -0.256785 -0.284059 -0.326185 -0.256785 0.867029 

2767.46 -0.492876 -45.86 -2721.11 -0.492876 1.71167 -0.459659 -0.759131 -45.86 -0.459659 47.1118 -0.792155 -2721.11 -0.759131 -0.792155 2722.66 

2.28731 -0.22788 -0.501663 -1.55776 -0.22788 37.6791 -36.8137 -0.637556 -0.501663 -36.8137 39.6694 -2.3541 -1.55776 -0.637556 -2.3541 4.54942 

2.41823 -1.11684 -1.00215 -0.299234 -1.11684 1.92515 -0.522436 -0.285877 -1.00215 -0.522436 23.0558 -21.5312 -0.299234 -0.285877 -21.5312 22.1163 

40.288 -1.21024 -38.128 -0.949767 -1.21024 3.13061 -0.415195 -1.50518 -38.128 -0.415195 38.8465 -0.303305 -0.949767 -1.50518 -0.303305 2.75825 

41.6166 -1.39216 -5.60995 -34.6145 -1.39216 3.76779 -2.06889 -0.306748 -5.60995 -2.06889 8.00491 -0.326076 -34.6145 -0.306748 -0.326076 35.2473 

35.9717 -30.4638 -5.03218 -0.475785 -30.4638 31.1295 -0.433211 -0.232467 -5.03218 -0.433211 65.113 -59.6476 -0.475785 -0.232467 -59.6476 60.3558 

1.8513 -0.483115 -0.579251 -0.788938 -0.483115 17.4919 -16.7453 -0.26355 -0.579251 -16.7453 20.1068 -2.78228 -0.788938 -0.26355 -2.78228 3.83477 

7.91707 -0.547034 -0.765804 -6.60424 -0.547034 4.68824 -3.91109 -0.230112 -0.765804 -3.91109 5.01225 -0.335354 -6.60424 -0.230112 -0.335354 7.1697 

12.19 -2.38196 -0.250541 -9.55754 -2.38196 3.4905 -0.337495 -0.771046 -0.250541 -0.337495 98.327 -97.739 -9.55754 -0.771046 -97.739 108.068 

88.8489 -36.1995 -37.2388 -15.4106 -36.1995 38.3966 -1.54269 -0.654434 -37.2388 -1.54269 39.045 -0.263472 -15.4106 -0.654434 -0.263472 16.3285 

55.6006 -7.11351 -0.823927 -47.6632 -7.11351 10.7057 -3.23962 -0.352597 -0.823927 -3.23962 4.60605 -0.542507 -47.6632 -0.352597 -0.542507 48.5583 

96.5999 -93.3595 -3.00285 -0.237542 -93.3595 94.5582 -0.713648 -0.485057 -3.00285 -0.713648 4.68078 -0.964283 -0.237542 -0.485057 -0.964283 1.68688 

27.3789 -16.438 -9.61147 -1.32938 -16.438 208.498 -191.803 -0.257506 -9.61147 -191.803 203.556 -2.14199 -1.32938 -0.257506 -2.14199 3.72887 

2.66534 -0.95586 -0.342844 -1.36663 -0.95586 3.64931 -1.63259 -1.06086 -0.342844 -1.63259 2.22581 -0.250371 -1.36663 -1.06086 -0.250371 2.67787 

2.46697 -1.53704 -0.594488 -0.33544 -1.53704 2.50365 -0.652397 -0.314205 -0.594488 -0.652397 2.26092 -1.01403 -0.33544 -0.314205 -1.01403 1.66368 

13.136 -0.880868 -11.6917 -0.563444 -0.880868 7.70972 -1.4922 -5.33664 -11.6917 -1.4922 13.4797 -0.295793 -0.563444 -5.33664 -0.295793 6.19588 

0.989646 -0.308722 -0.456372 -0.224552 -0.308722 2.7564 -1.02917 -1.41851 -0.456372 -1.02917 8.8235 -7.33796 -0.224552 -1.41851 -7.33796 8.98102 

3.5561 -2.40811 -0.481534 -0.666459 -2.40811 6.25169 -3.27305 -0.57053 -0.481534 -3.27305 4.00646 -0.251876 -0.666459 -0.57053 -0.251876 1.48886 

2.0578 -0.733891 -0.738938 -0.584974 -0.733891 3.235 -1.90753 -0.593579 -0.738938 -1.90753 7.41595 -4.76948 -0.584974 -0.593579 -4.76948 5.94803 

3.41712 -2.71189 -0.2452 -0.460034 -2.71189 27.5972 -1.69321 -23.1921 -0.2452 -1.69321 2.2512 -0.312785 -0.460034 -23.1921 -0.312785 23.9649 

58.263 -13.1079 -42.3191 -2.83593 -13.1079 14.9048 -1.49635 -0.300608 -42.3191 -1.49635 44.6063 -0.790784 -2.83593 -0.300608 -0.790784 3.92732 

38.7791 -0.944769 -31.1167 -6.71764 -0.944769 10.379 -0.416787 -9.01749 -31.1167 -0.416787 32.1756 -0.642142 -6.71764 -9.01749 -0.642142 16.3773 

1.32351 -0.476232 -0.597461 -0.249821 -0.476232 24.4711 -23.4013 -0.59354 -0.597461 -23.4013 24.2889 -0.290175 -0.249821 -0.59354 -0.290175 1.13354 

1.91202 -0.508041 -1.10731 -0.296676 -0.508041 14.4856 -2.81345 -11.1641 -1.10731 -2.81345 4.30634 -0.385576 -0.296676 -11.1641 -0.385576 11.8464 

7.56454 -2.22407 -3.63077 -1.70971 -2.22407 19.699 -0.314695 -17.1603 -3.63077 -0.314695 5.28748 -1.34202 -1.70971 -17.1603 -1.34202 20.212 

3.18698 -2.63742 -0.295359 -0.254205 -2.63742 5.53819 -0.484217 -2.41656 -0.295359 -0.484217 1.05549 -0.275914 -0.254205 -2.41656 -0.275914 2.94667 

5.28768 -1.16 -3.78948 -0.338204 -1.16 2.75707 -0.934323 -0.662749 -3.78948 -0.934323 275.415 -270.691 -0.338204 -0.662749 -270.691 271.692 

1.5022 -0.376628 -0.745166 -0.380401 -0.376628 3.09926 -0.427175 -2.29545 -0.745166 -0.427175 6.16701 -4.99467 -0.380401 -2.29545 -4.99467 7.67052 

8.50692 -1.31205 -1.47302 -5.72186 -1.31205 3.14292 -0.244449 -1.58642 -1.47302 -0.244449 2.24644 -0.528976 -5.72186 -1.58642 -0.528976 7.83726 

125.863 -0.428535 -120.455 -4.97952 -0.428535 0.912251 -0.222709 -0.261007 -120.455 -0.222709 121.53 -0.852044 -4.97952 -0.261007 -0.852044 6.09257 

28.0647 -0.306178 -0.437241 -27.3213 -0.306178 2.50297 -1.76131 -0.435477 -0.437241 -1.76131 2.45449 -0.255939 -27.3213 -0.435477 -0.255939 28.0127 

51.429 -48.7096 -0.471042 -2.2484 -48.7096 1595.45 -1.21007 -1545.53 -0.471042 -1.21007 2.27365 -0.592534 -2.2484 -1545.53 -0.592534 1548.37 

4.66562 -0.244925 -0.290367 -4.13033 -0.244925 2.93656 -2.0324 -0.659239 -0.290367 -2.0324 2.77676 -0.453997 -4.13033 -0.659239 -0.453997 5.24357 

198.39 -27.4068 -170.421 -0.56207 -27.4068 31.2291 -3.37602 -0.446292 -170.421 -3.37602 174.196 -0.399423 -0.56207 -0.446292 -0.399423 1.40778 

2.91171 -0.553463 -1.55591 -0.802329 -0.553463 3.22944 -2.33469 -0.341287 -1.55591 -2.33469 4.11309 -0.222491 -0.802329 -0.341287 -0.222491 1.36611 

9.55855 -6.28081 -3.01099 -0.266754 -6.28081 6.81482 -0.303684 -0.230334 -3.01099 -0.303684 3.62989 -0.315211 -0.266754 -0.230334 -0.315211 0.812299 

15.5562 -11.9816 -2.27839 -1.2962 -11.9816 12.785 -0.374915 -0.428451 -2.27839 -0.374915 12.428 -9.77472 -1.2962 -0.428451 -9.77472 11.4994 

3.22846 -0.377005 -0.96512 -1.88634 -0.377005 1.35842 -0.387183 -0.594229 -0.96512 -0.387183 1.68107 -0.328772 -1.88634 -0.594229 -0.328772 2.80934 

0.982051 -0.260352 -0.495003 -0.226696 -0.260352 2.02628 -0.70061 -1.06532 -0.495003 -0.70061 6.45812 -5.26251 -0.226696 -1.06532 -5.26251 6.55452 

9.23699 -3.64259 -0.45526 -5.13914 -3.64259 365.06 -359.994 -1.42302 -0.45526 -359.994 360.862 -0.411889 -5.13914 -1.42302 -0.411889 6.97405 

35.3006 -0.232871 -31.3323 -3.73539 -0.232871 0.89192 -0.292929 -0.366121 -31.3323 -0.292929 31.9382 -0.312953 -3.73539 -0.366121 -0.312953 4.41446 

4.39134 -1.96735 -1.88282 -0.541184 -1.96735 3.50513 -1.21396 -0.323827 -1.88282 -1.21396 5.49559 -2.39882 -0.541184 -0.323827 -2.39882 3.26383 

12.0675 -0.308874 -8.04205 -3.71657 -0.308874 2.58839 -1.86876 -0.410758 -8.04205 -1.86876 10.9299 -1.01908 -3.71657 -0.410758 -1.01908 5.14641 

4.49689 -0.342001 -3.76294 -0.391956 -0.342001 11.9476 -11.3406 -0.264954 -3.76294 -11.3406 15.344 -0.240503 -0.391956 -0.264954 -0.240503 0.897413 

1.28628 -0.372299 -0.387999 -0.525981 -0.372299 195.696 -0.423906 -194.899 -0.387999 -0.423906 1.23671 -0.424802 -0.525981 -194.899 -0.424802 195.85 

2.33045 -0.780387 -0.767689 -0.782375 -0.780387 69.0114 -0.56281 -67.6682 -0.767689 -0.56281 1.85605 -0.525554 -0.782375 -67.6682 -0.525554 68.9762 

9.39644 -8.61279 -0.560155 -0.223492 -8.61279 9.30212 -0.377395 -0.311938 -0.560155 -0.377395 11.1491 -10.2116 -0.223492 -0.311938 -10.2116 10.747 

1.25163 -0.334557 -0.294489 -0.622583 -0.334557 0.976929 -0.232656 -0.409716 -0.294489 -0.232656 1.32853 -0.801387 -0.622583 -0.409716 -0.801387 1.83369 

1.35688 -0.291194 -0.780698 -0.284989 -0.291194 15.2161 -11.7903 -3.1346 -0.780698 -11.7903 13.7602 -1.18926 -0.284989 -3.1346 -1.18926 4.60885 

4.77503 -0.595257 -1.59381 -2.58596 -0.595257 4.01304 -2.65615 -0.761637 -1.59381 -2.65615 4.53494 -0.284982 -2.58596 -0.761637 -0.284982 3.63258 

14.7109 -0.29034 -0.723433 -13.6972 -0.29034 1.81617 -0.245158 -1.28067 -0.723433 -0.245158 1.94276 -0.974172 -13.6972 -1.28067 -0.974172 15.952 

868.202 -0.509376 -0.493984 -867.199 -0.509376 4.88827 -4.05729 -0.321604 -0.493984 -4.05729 6.87506 -2.32379 -867.199 -0.321604 -2.32379 869.844 

12.941 -1.19282 -10.1663 -1.58181 -1.19282 185.264 -182.985 -1.08596 -10.1663 -182.985 193.462 -0.310548 -1.58181 -1.08596 -0.310548 2.97832 

1.72333 -0.616558 -0.449684 -0.657085 -0.616558 1.69861 -0.452906 -0.629144 -0.449684 -0.452906 1.20494 -0.302353 -0.657085 -0.629144 -0.302353 1.58858 

4.72377 -0.52605 -0.635004 -3.56272 -0.52605 15.0155 -4.76476 -9.72469 -0.635004 -4.76476 5.72232 -0.322561 -3.56272 -9.72469 -0.322561 13.61 

3.27703 -1.45976 -0.520316 -1.29696 -1.45976 2.2902 -0.53218 -0.298261 -0.520316 -0.53218 1.39774 -0.345247 -1.29696 -0.298261 -0.345247 1.94047 

1.4143 -0.458192 -0.502288 -0.453818 -0.458192 153.9 -4.42334 -149.018 -0.502288 -4.42334 5.73889 -0.813257 -0.453818 -149.018 -0.813257 150.286 

9.96127 -0.426517 -0.551875 -8.98287 -0.426517 9.44964 -8.80076 -0.222369 -0.551875 -8.80076 13.2518 -3.89915 -8.98287 -0.222369 -3.89915 13.1044 

14.171 -9.10235 -4.8014 -0.267303 -9.10235 165.158 -0.712707 -155.343 -4.8014 -0.712707 34.6195 -29.1054 -0.267303 -155.343 -29.1054 184.716 

29.4118 -27.5338 -0.766139 -1.11186 -27.5338 31.3656 -0.322502 -3.50932 -0.766139 -0.322502 1.37236 -0.283723 -1.11186 -3.50932 -0.283723 4.9049 

18.5751 -17.3647 -0.53997 -0.670485 -17.3647 2852.63 -0.424245 -2834.84 -0.53997 -0.424245 1.46669 -0.502477 -0.670485 -2834.84 -0.502477 2836.01 

27.4299 -22.3675 -2.50743 -2.55498 -22.3675 16472.9 -0.513629 -16450 -2.50743 -0.513629 3.69845 -0.677398 -2.55498 -16450 -0.677398 16453.2 

13.6702 -0.92337 -2.1166 -10.6302 -0.92337 5.50151 -0.568976 -4.00916 -2.1166 -0.568976 5.90248 -3.21691 -10.6302 -4.00916 -3.21691 17.8563 

3.17159 -0.590451 -0.686935 -1.8942 -0.590451 1.86223 -0.466634 -0.805142 -0.686935 -0.466634 4.28122 -3.12765 -1.8942 -0.805142 -3.12765 5.827 

11.4429 -4.25224 -6.77276 -0.417911 -4.25224 7.61226 -2.71267 -0.647351 -6.77276 -2.71267 11.9733 -2.48783 -0.417911 -0.647351 -2.48783 3.55309 

1.29329 -0.250043 -0.782671 -0.260578 -0.250043 4.2844 -2.43396 -1.60039 -0.782671 -2.43396 4.43553 -1.2189 -0.260578 -1.60039 -1.2189 3.07987 

123.78 -1.02968 -122.118 -0.632603 -1.02968 5.9464 -1.15694 -3.75978 -122.118 -1.15694 123.686 -0.411163 -0.632603 -3.75978 -0.411163 4.80355 

4.8537 -2.19636 -0.836157 -1.82118 -2.19636 3.38671 -0.259764 -0.930588 -0.836157 -0.259764 3.39683 -2.30091 -1.82118 -0.930588 -2.30091 5.05268 

4.24408 -0.862967 -2.16562 -1.2155 -0.862967 3.64587 -2.31738 -0.465525 -2.16562 -2.31738 5.44564 -0.962642 -1.2155 -0.465525 -0.962642 2.64366 

29.2038 -27.4093 -0.581382 -1.21316 -27.4093 187.106 -157.645 -2.05237 -0.581382 -157.645 158.839 -0.61269 -1.21316 -2.05237 -0.61269 3.87822 

2.21474 -1.50743 -0.262814 -0.444502 -1.50743 22.3129 -20.3607 -0.444823 -0.262814 -20.3607 21.3513 -0.727787 -0.444502 -0.444823 -0.727787 1.61711 

8.3247 -2.89617 -1.41871 -4.00982 -2.89617 126.988 -107.602 -16.4903 -1.41871 -107.602 113.12 -4.09925 -4.00982 -16.4903 -4.09925 24.5994 

1342.66 -0.248607 -1341.68 -0.735499 -0.248607 1.56358 -0.28719 -1.02778 -1341.68 -0.28719 1347.55 -5.58244 -0.735499 -1.02778 -5.58244 7.34572 

2.12327 -0.380235 -0.229123 -1.51391 -0.380235 1.37557 -0.315429 -0.679904 -0.229123 -0.315429 8.7477 -8.20315 -1.51391 -0.679904 -8.20315 10.397 

1.21265 -0.22513 -0.22271 -0.764808 -0.22513 2.05839 -1.43988 -0.393382 -0.22271 -1.43988 2.76249 -1.09991 -0.764808 -0.393382 -1.09991 2.2581 

5.71211 -0.292823 -3.52734 -1.89195 -0.292823 5.11901 -4.42124 -0.404945 -3.52734 -4.42124 8.4094 -0.460817 -1.89195 -0.404945 -0.460817 2.75771 

37173.6 -0.258471 -37172.9 -0.4095 -0.258471 1.13148 -0.582316 -0.290694 -37172.9 -0.582316 37571.8 -398.27 -0.4095 -0.290694 -398.27 398.97 

362.317 -0.667719 -360.559 -1.09 -0.667719 2.38237 -0.912177 -0.802479 -360.559 -0.912177 362.717 -1.24526 -1.09 -0.802479 -1.24526 3.13774 

4.2647 -0.512667 -1.07132 -2.68071 -0.512667 84.3037 -82.2695 -1.52152 -1.07132 -82.2695 83.8071 -0.466308 -2.68071 -1.52152 -0.466308 4.66854 

662.393 -661.429 -0.682165 -0.281587 -661.429 663.255 -1.10012 -0.725387 -0.682165 -1.10012 2.47452 -0.692233 -0.281587 -0.725387 -0.692233 1.69921 

36.6738 -35.4096 -0.633756 -0.630409 -35.4096 37.778 -1.95036 -0.418058 -0.633756 -1.95036 3.15891 -0.574794 -0.630409 -0.418058 -0.574794 1.62326 

1.07094 -0.504703 -0.342491 -0.223741 -0.504703 1.13967 -0.384786 -0.250178 -0.342491 -0.384786 4.50797 -3.78069 -0.223741 -0.250178 -3.78069 4.25461 

100.072 -0.458621 -74.4617 -25.1519 -0.458621 20.5036 -0.429088 -19.6159 -74.4617 -0.429088 78.7814 -3.89058 -25.1519 -19.6159 -3.89058 48.6583 

0.840827 -0.241444 -0.328491 -0.270892 -0.241444 7.8135 -7.30248 -0.269576 -0.328491 -7.30248 10.0312 -2.40025 -0.270892 -0.269576 -2.40025 2.94072 

1.06468 -0.416278 -0.364558 -0.28384 -0.416278 2472.06 -38.3274 -2433.31 -0.364558 -38.3274 40.9222 -2.2302 -0.28384 -2433.31 -2.2302 2435.83 

2.16297 -0.343393 -1.48061 -0.338968 -0.343393 1.31004 -0.239398 -0.727254 -1.48061 -0.239398 4.17694 -2.45693 -0.338968 -0.727254 -2.45693 3.52315 

2.19873 -0.545737 -1.36499 -0.288001 -0.545737 14.498 -13.6962 -0.256018 -1.36499 -13.6962 15.3406 -0.279416 -0.288001 -0.256018 -0.279416 0.823435 

52.3172 -49.5953 -1.53601 -1.18587 -49.5953 74.7441 -21.4841 -3.66465 -1.53601 -21.4841 23.6085 -0.588426 -1.18587 -3.66465 -0.588426 5.43894 

97.3639 -8.08418 -87.945 -1.33474 -8.08418 9.63309 -1.18992 -0.359 -87.945 -1.18992 90.1902 -1.05524 -1.33474 -0.359 -1.05524 2.74899 

6.17499 -0.715922 -0.849359 -4.60971 -0.715922 19.3126 -12.2554 -6.34121 -0.849359 -12.2554 14.4297 -1.32497 -4.60971 -6.34121 -1.32497 12.2759 

15.841 -13.8792 -1.10222 -0.859511 -13.8792 15.9152 -1.21421 -0.821776 -1.10222 -1.21421 2.59598 -0.279554 -0.859511 -0.821776 -0.279554 1.96084 

2.01761 -0.858529 -0.374151 -0.784927 -0.858529 3.40174 -0.981799 -1.56141 -0.374151 -0.981799 1.72548 -0.36953 -0.784927 -1.56141 -0.36953 2.71587 

15.1805 -1.05418 -13.7126 -0.413684 -1.05418 3.45686 -0.979475 -1.4232 -13.7126 -0.979475 25.1251 -10.433 -0.413684 -1.4232 -10.433 12.2699 

12.1291 -3.8903 -7.43353 -0.805279 -3.8903 446.628 -442.435 -0.302295 -7.43353 -442.435 451.369 -1.49999 -0.805279 -0.302295 -1.49999 2.60756 

35.7613 -13.2233 -20.6635 -1.87451 -13.2233 30.1187 -9.65135 -7.24403 -20.6635 -9.65135 30.9665 -0.651689 -1.87451 -7.24403 -0.651689 9.77022 

4.87612 -1.24698 -0.721608 -2.90753 -1.24698 43.1857 -3.42076 -38.5179 -0.721608 -3.42076 4.51462 -0.37225 -2.90753 -38.5179 -0.37225 41.7977 

46.8604 -0.69274 -1.48883 -44.6789 -0.69274 2.57419 -1.64158 -0.239866 -1.48883 -1.64158 7.62467 -4.49426 -44.6789 -0.239866 -4.49426 49.413 

1.8754 -0.595836 -0.605349 -0.674217 -0.595836 4.4657 -2.03361 -1.83626 -0.605349 -2.03361 2.95553 -0.316572 -0.674217 -1.83626 -0.316572 2.82705 

0.876915 -0.223904 -0.402776 -0.250235 -0.223904 14.7623 -0.836971 -13.7014 -0.402776 -0.836971 2733.77 -2732.53 -0.250235 -13.7014 -2732.53 2746.48 

1.90187 -1.04795 -0.321351 -0.532573 -1.04795 3.26857 -0.7645 -1.45612 -0.321351 -0.7645 3.69288 -2.60703 -0.532573 -1.45612 -2.60703 4.59572 

131.837 -44.977 -0.389126 -86.4711 -44.977 46.4649 -1.20444 -0.283455 -0.389126 -1.20444 3.79822 -2.20465 -86.4711 -0.283455 -2.20465 88.9592 

5.77098 -0.344278 -5.17264 -0.254064 -0.344278 1.14668 -0.498103 -0.304301 -5.17264 -0.498103 6.00497 -0.334224 -0.254064 -0.304301 -0.334224 0.892589 

18.7783 -17.9703 -0.234915 -0.573147 -17.9703 20.2466 -0.675824 -1.60056 -0.234915 -0.675824 1.36448 -0.453741 -0.573147 -1.60056 -0.453741 2.62745 

11.0397 -10.3486 -0.446607 -0.24448 -10.3486 11.1779 -0.595948 -0.233374 -0.446607 -0.595948 6.07275 -5.03019 -0.24448 -0.233374 -5.03019 5.50805 

94.8829 -19.9006 -42.1576 -32.8247 -19.9006 26.1112 -5.21171 -0.998853 -42.1576 -5.21171 47.8944 -0.525054 -32.8247 -0.998853 -0.525054 34.3486 

4.13577 -0.407559 -2.2306 -1.49761 -0.407559 16.6208 -15.9306 -0.282643 -2.2306 -15.9306 18.9098 -0.748628 -1.49761 -0.282643 -0.748628 2.52888 

14.6622 -8.22624 -0.668792 -5.76721 -8.22624 8.84874 -0.3131 -0.3094 -0.668792 -0.3131 10.06 -9.0781 -5.76721 -0.3094 -9.0781 15.1547 

4.94044 -0.766844 -0.367251 -3.80635 -0.766844 21.2846 -0.811053 -19.7067 -0.367251 -0.811053 12.0343 -10.856 -3.80635 -19.7067 -10.856 34.369 

11.5562 -0.316667 -6.02533 -5.21418 -0.316667 2.63052 -2.08589 -0.227965 -6.02533 -2.08589 8.39388 -0.282657 -5.21418 -0.227965 -0.282657 5.7248 

