4
3.05263 -2.69628 -0.356349 -2.69628 4.15221 -1.45593 -0.356349 -1.45593 1.81228 
0.188807 0.340879 0.29977 
0.487945 0.381735 0.686208 

2.00502 -0.84845 -1.15657 -0.84845 6.77238 -5.92393 -1.15657 -5.92393 7.08051 
0.113287 0.11656 0.665692 
-0.467046 -1.06919 1.4551 

21.6601 -7.50083 -14.1592 -7.50083 12.1269 -4.62605 -14.1592 -4.62605 18.7853 
0.112908 0.164891 0.158197 
0.220403 0.0439842 0.838138 

3.80604 -3.33725 -0.468789 -3.33725 3.75951 -0.422264 -0.468789 -0.422264 0.891053 
0.116567 0.344856 0.246849 
-0.793727 1.24247 0.35542 

